7139
7206
7289
7839
7946
7969
7992
8319
8353
8391
8404
8485
8487
8490
8562
8570
8703
8706
8913
9062
9067
9163
9352
14552
14697
14812
15218
15220
15847
15898
16026
16242
16310
16317
16392
16426
16429
16430
16487
16828
16920
16926
16948
17273
17314
17390
21836
21979
22175
22178
22582
22595
22633
22839
22862
22887
23070
23075
23117
23225
23337
23341
23519
23565
23591
23593
23619
23669
23737
23865
23868
24013
24414
28654
28738
28860
30346
30361
30377
30469
30472
30615
30784
30786
30847
30890
30913
31079
31129
31448
31623
31912
32136
32196
32274
32362
36880
37050
37064
39108
39131
39145
39365
39742
40164
40197
40278
40283
40420
40445
40453
40482
40491
40765
40916
41144
41164
41173
41180
41274
41277
41302
41354
47152
47224
47258
47293
47342
47460
47493
47500
47535
47652
47674
48016
48049
48548
48681
48740
48969
49204
49670
49677
49702
49728
49734
49753
49755
49784
49840
53770
53771
53809
53977
54102
54198
54202
54359
54375
54455
54500
54848
54921
54938
54957
55124
55150
55160
55227
55287
55346
55367
55372
55537
55648
55684
55905
56055
56061
56064
56140
62244
62435
63210
63276
63302
63305
63389
63855
63997
64087
64553
64646
64758
65237
65278
65359
65384
65395
69513
69535
69620
69653
69740
69752
69822
69864
69986
70107
70403
70532
70640
70670
70719
70777
70802
70929
71099
71117
71146
71178
71269
71352
71382
77226
77227
77373
77446
77452
77710
77754
77845
78355
78406
78530
78667
78791
78827
78921
79098
79329
79444
79529
79635
79670
79690
79710
79711
79712
79733
79734
79750
79771
79850
79866
84048
84107
84677
84680
84734
84900
85280
85416
85418
85423
85464
85479
85481
85505
85507
85707
85919
86115
86116
91510
91568
91579
91589
91627
91686
91689
91692
91697
91924
91926
91959
91963
91988
92592
92676
92770
92818
92944
93020
93023
93062
93259
93604
93674
93803
93832
93885
98097
98143
98652
98880
99259
99349
99393
99430
99511
99687
99742
100162
105420
105519
105573
105597
105738
105962
106016
106042
106047
106049
106065
106331
106376
106507
106634
106638
106717
106839
107135
107137
107214
107395
107503
107509
107528
107594
107799
107826
136232
136238
136240
136616
136624
136626
136672
136688
136841
136842
136847
136856
136866
136871
136880
136881
136894
136917
136918
136966
136980
137037
137155
137328
137350
137455
137789
137809
137838
137841
137847
138047
138066
138094
138132
138161
138291
138381
143148
143227
143287
143291
143388
143446
143499
143736
143814
143918
144051
144127
144176
144178
144197
144236
144320
144327
144335
144338
144402
144465
144480
144491
144498
144640
144682
144690
145073
145583
176868
176934
176955
177046
177081
177143
177232
177303
177326
177354
177481
177518
177969
178149
178190
178197
178210
178300
178481
178578
178865
179584
179665
183932
184046
184122
184202
184281
184283
184366
184368
184370
184415
184648
184689
184718
184834
185085
185190
185224
185252
185282
185291
185365
185376
185557
185567
185622
185795
185863
185914
186380
186406
186470
186573
186717
186742
186803
186833
197419
197555
197866
198343
198503
198591
198631
198771
198817
202309
202360
202373
202398
202399
202443
202480
202636
202673
203114
203140
203684
203729
203833
204093
204096
204490
204799
204868
204906
204983
205089
205097
205161
205166
205168
205208
205211
208520
208589
208612
208876
208892
209181
209185
209319
209414
209680
209697
209701
209708
209743
209807
210375
210467
210567
210611
210660
210781
210808
210909
214184
214245
214363
214462
214860
214895
215335
215579
215698
216143
216149
216155
218713
219992
220126
220227
220319
220320
220328
220330
220332
220355
220371
220374
220375
220383
220396
220439
220450
220465
220499
220502
220515
220578
220687
220750
220751
221050
221369
221375
227036
227079
227123
227134
227168
227176
227230
227264
227278
227317
227371
227407
227428
227572
227607
227611
227614
227617
227618
227905
227970
228086
228105
228278
228349
228428
228433
228564
228575
228740
228767
229097
229163
229167
229220
229263
229369
230174
230421
230455
230567
230634
230714
230719
230776
230786
230787
230789
230793
230813
230836
230837
230880
230884
230898
231528
237990
238080
238085
238094
238131
238164
238203
238204
238213
238214
238216
238221
238276
238282
238325
238328
238351
238358
238360
238395
238398
238406
238412
238496
238500
238922
239092
239109
239172
239292
239376
239490
240108
240202
240205
240227
240432
250179
250192
250243
250277
250466
250473
251297
251367
252005
252008
252057
252074
252091
271385
271387
271431
271455
271481
271538
271562
271610
272439
272443
272488
272543
272571
272667
272748
272831
272833
272990
272995
272996
273092
273242
273296
273336
273514
273577
273654
273750
273850
273889
273925
273951
273952
273966
273976
278074
278109
278350
278548
278684
278702
278703
278736
278760
278773
278787
278802
278804
278826
278840
278846
278855
278909
279066
279160
279261
279818
279840
279886
279891
279905
279910
279943
287824
288364
288424
288461
288679
288756
288851
288891
288903
288904
288923
288982
288989
288992
288999
289089
289096
289097
289102
289107
289109
289112
289113
289116
289118
289168
289170
289185
289194
289197
289198
289279
289427
289957
290052
290071
290323
290328
290396
290423
296599
296638
296639
296677
296685
296713
296725
296742
296798
296847
296927
296934
297053
297557
297633
297694
298106
298114
298190
298590
298612
298665
298666
298738
298862
298888
298980
300350
300372
300406
300411
300477
300613
300691
300787
300821
300887
301098
301191
301346
301382
301799
301885
301937
301994
302657
302684
302973
318936
319018
319057
319059
319060
319064
319067
319070
319139
319150
319197
319231
319243
319290
319293
319299
319381
319385
319393
319395
319397
319400
319402
319452
319453
319499
320068
320124
320254
320281
321022
321035
321059
321146
321207
322910
323133
323194
323242
323541
323558
323566
323854
323855
323888
324157
324179
324323
324753
324799
324865
324963
325007
325321
325390
325467
325533
345682
345758
345767
345820
345845
346046
346257
346504
346623
346680
346718
346752
346793
346839
346861
346890
346892
346894
347263
347432
347470
347471
347570
348048
348115
348118
365316
365334
370997
371037
371170
371171
371172
371714
371750
371882
371889
371943
371959
371976
372105
372129
372133
372541
372599
373163
373173
373284
375376
375402
375564
375610
375615
375751
375904
376033
376097
376161
376163
376184
376185
376282
376340
376587
377348
377562
377666
377710
377962
378060
378104
378142
380697
381156
381157
381160
381207
381215
381219
381221
381225
381802
381979
382152
382158
382538
382563
382631
383033
383147
383259
386268
386285
386286
386366
386431
386673
386720
386722
386892
387042
387675
387687
387690
387715
387719
388146
388390
388451
388476
388552
396584
396607
396615
396621
396709
396781
396833
402934
417392
417568
418047
418624
418630
418795
418971
419205
419294
419299
419345
419549
419632
422292
422359
422366
422406
422411
422436
422464
422486
422501
422610
422619
422639
422683
422721
422888
422933
423267
423416
457615
460374
460378
460380
460424
460756
460767
463119
463148
463264
463288
463367
463434
463641
463643
463668
484976
485046
485127
485504
485529
485646
485823
485833
485834
485882
485883
485885
485919
486092
486213
486275
486276
486782
486872
487010
487027
487060
487175
491457
491460
491475
491508
491552
491608
491887
491960
492384
492690
492883
492941
492957
493028
493621
493702
493811
493812
493825
493832
493838
497035
504713
504730
504877
504882
505316
505341
505765
505788
505817
505828
505979
506038
506070
506119
508138
508180
508184
508268
508312
508315
508351
508352
508416
508421
508480
508481
508568
508632
508680
508682
508751
508906
508938
509080
509397
509444
509516
509557
509576
509670
509727
509852
509892
511863
511864
511867
511890
511892
511921
511923
512170
512197
513001
513066
513108
513267
514022
514029
514212
514214
516973
517070
517130
517167
517205
517211
517244
517249
517273
517278
517295
517302
517306
517307
517310
517334
517465
517868
517960
518026
518755
518782
518829
518870
519141
521736
521768
521794
521894
521991
521997
522033
522127
522166
527984
534655
534710
534753
534759
534760
534793
534885
535007
535283
535387
535417
535974
536087
536173
536235
536454
536463
536625
536626
536963
536994
537084
537163
537171
537240
537361
537365
537367
537399
537417
537426
537476
543494
543501
543536
543537
543552
543553
543554
543738
543752
543763
543797
543812
543860
543998
544084
544749
544812
544853
544958
545157
545306
545411
545903
546043
548835
548872
548914
548946
548947
549180
549216
549313
550328
550431
550677
550780
550781
551192
551202
551332
551350
551488
551505
551507
551655
551656
551672
558887
559061
559292
559300
559477
560206
560208
560333
560341
560405
560407
560718
560779
560883
560946
560982
561020
561488
561856
561891
567545
567586
567598
567676
567678
567682
567736
567750
567760
567876
567983
568549
569433
569466
569555
570110
570114
570119
570174
570197
570203
570206
570207
570214
570227
570233
570240
570364
573586
573617
573625
573736
573872
574008
574029
574193
574285
574313
574423
574617
575532
575579
575623
575625
583443
583508
583716
583744
584013
584682
584731
585121
585196
585215
585226
585231
585314
585359
585386
585422
585659
585694
585755
586330
592294
592401
592419
592421
592542
592835
592863
592999
593117
593526
593642
593645
593813
594049
594053
594059
594265
594674
594723
594731
594785
594834
594906
594918
594946
594964
594967
594970
594990
594992
598911
598968
598999
599095
599134
599310
599329
599582
599761
599862
599877
600014
600026
600312
600595
600743
600882
600915
600973
600974
601013
601018
601102
601105
601255
601283
601323
609307
609330
609433
609571
609598
609912
609948
610054
610396
610398
610404
610474
610545
610700
610816
610846
610893
610997
611002
611051
611094
611220
611223
611629
611647
617655
617665
617945
617989
618071
618100
618108
618116
618142
618144
618152
618220
618904
618912
618930
618931
618935
618937
618941
618942
618947
618952
618976
618988
618992
618993
619095
619097
619098
619105
619220
619224
619737
619989
619995
620034
620087
620091
620098
622084
622228
622305
622333
622429
622434
622534
622588
622596
622694
622744
622770
622787
622982
623043
623143
623161
623272
623432
623641
663440
9008500001
9008500002
9008500004
9008500007
9008500018
9008500024
9008500034
9008500043
9008500062
9008500067
9008500069
9008500070
9008500074
9008500080
9008500082
9008500083
9008500084
9008500089
9008500093
9008500096
9008500099
9008500100
9008500105
9008500107
9008500110
9008500114
9008500117
9008500128
9008500134
9008500137
9008500158
9008500160
9008500166
9008500169
9008500171
9008500172
9008500181
9008500182
9008500185
9008500190
9008500193
9008500196
9008500197
9008500204
9008500209
9008500210
9008500220
9008500221
9008500224
9008500228
9008500234
9008500236
9008500237
9008500239
9008500240
9008500245
9008500246
9008500249
9008500251
9008500256
9008500264
9008500268
9008500282
9008500292
9008500296
9008500302
9008500307
9008500314
9008500316
9008500323
9008500326
9008500328
9008500333
9008500339
9008500351
9008500356
9008500359
9008500362
9008500376
9008500391
9008500394
9008500398
9008500450
9008500454
9008500461
9008500463
9008500472
9008500477
9008500492
9008500511
9008500524
9008500533
9008500535
9008500542
9008500586
9008500615
9008500624
9008500631
9008500646
9008500663
9008500673
9008500679
9008500681
9008500689
9008500690
9008500701
9008500716
9008500717
9008500723
9008500724
9008500730
9008500731
9008500735
9008500744
9008500751
9008500753
9008500759
9008500777
9008500795
9008500805
9008500848
9008500857
9008500862
9008500868
9008500890
9008500893
9008500897
9008500938
9008500939
9008500951
9008501016
9008501024
9008501028
9008501058
9008501077
9008501098
9008501218
9011900012
9011900013
9011900014
9011900017
9011900019
9011900020
9011900024
9011900025
9011900026
9011900030
9011900037
9011900038
9011900044
9011900045
9011900048
9011900051
9011900057
9011900068
9011900072
9011900082
9011900084
9011900091
9011900097
9011900100
9011900103
9011900113
9011900115
9011900118
9011900121
9011900123
9011900125
9011900128
9011900137
9011900144
9011900147
9011900150
9011900152
9011900157
9011900163
9011900165
9011900166
9011900170
9011900174
9011900175
9011900183
9011900186
9011900198
9011900201
9011900202
9011900208
9011900218
9011900222
9011900225
9011900228
9011900238
9011900242
9011900245
9011900247
9011900250
9011900251
9011900254
9011900261
9011900263
9011900265
9011900271
9011900272
9011900274
9011900279
9011900281
9011900285
9011900287
9011900288
9011900298
9011900302
9011900304
9011900314
9011900321
9011900322
9011900328
9011900329
9011900330
9011900342
9011900343
9011900347
9011900348
9011900351
9011900353
9011900364
9011900365
9011900367
9011900371
9011900376
9011900383
9011900392
9011900404
9011900418
9011900421
9011900422
9011900429
9011900440
9011900441
9011900450
9011900451
9011900453
9011900459
9011900460
9011900462
9011900475
9011900479
9011900492
9011900500
9011900511
9011900520
9011900521
9011900529
9011900535
9011900539
9011900557
9011900584
9011900590
9011900599
9011900617
9011900622
9011900671
9011900680
9011900684
9011900691
9011900696
9011900708
9011900714
9011900735
9011900752
9011900757
9011900759
9011900772
9011900774
9011900776
9011900783
9011900785
9011900789
9011900793
9011900807
9011900816
9011900837
9011900859
9011900865
9011900885
9011900934
9016800008
9016800009
9016800013
9016800014
9016800024
9016800039
9016800047
9016800061
9016800069
9016800072
9016800074
9016800079
9016800080
9016800084
9016800087
9016800092
9016800093
9016800094
9016800095
9016800105
9016800106
9016800109
9016800110
9016800130
9016800131
9016800138
9016800143
9016800144
9016800147
9016800153
9016800156
9016800160
9016800163
9016800167
9016800171
9016800185
9016800187
9016800216
9016800222
9016800228
9016800231
9016800234
9016800236
9016800241
9016800245
9016800246
9016800259
9016800272
9016800274
9016800276
9016800287
9016800304
9016800314
9016800317
9016800321
9016800346
9016800358
9016800385
9016800386
9016800412
9016800416
9016800424
9016800440
9044200001
9044200004
9044200007
9044200015
9044200025
9044200027
9044200028
9044200032
9044200042
9044200057
9044200062
9044200070
9044200075
9044200079
9044200090
9044200091
9044200121
9044200130
9044200138
9044200140
9044200147
9044200155
9044200158
9044200170
9044200175
9044200176
9044200179
9044200188
9044200204
9044200205
9044200215
9044200248
9044200249
9044200269
9044200290
9044200305
9044200316
9044200348
9044200383
9091700001
9091700002
9091700005
9091700014
9091700022
9091700024
9091700025
9091700038
9091700062
9091700063
9091700076
9091700092
9091700107
9091700123
9091700135
9091700143
9091700201
9091700202
9091700231
9091700242
9091700393
9091700444
9239900001
9239900002
9239900003
9239900009
9239900010
9239900013
9239900017
9239900034
9239900035
9239900039
9239900063
9239900068
9239900082
9239900088
9239900100
9239900105
9239900108
9239900112
9239900114
9239900117
9239900120
9239900127
9239900131
9239900135
9239900136
9239900138
9239900141
9239900150
9239900152
9239900175
9239900178
9239900180
9239900182
9239900196
9239900211
9239900222
9239900236
9239900237
9239900246
9239900268
9239900272
9239900300
9239900315
9239900327
9239900342
9239900345
9239900346
9239900354
9239900357
9239900362
9239900366
9239900370
9239900385
9239900386
9239900390
9239900395
9239900398
9239900403
9239900408
9239900416
9239900446
9239900457
9239900478
9239900492
9239900501
9239900555
9239900565
9239900567
9239900630
9239900659
9239900663
9239900778
9239900803
9239900821
9239900827
9239900852
9239901001
9239901020
9239901098
9239901116
9239901253
9239901328
9388000004
9388000006
9388000022
9388000027
9388000033
9388000041
9388000043
9388000044
9388000046
9388000048
9388000051
9388000053
9388000056
9388000058
9388000062
9388000063
9388000065
9388000067
9388000068
9388000073
9388000074
9388000084
9388000088
9388000101
9388000105
9388000113
9388000120
9388000124
9388000132
9388000137
9388000139
9388000146
9388000156
9388000160
9388000190
9388000200
9388000219
9388000248
9388000253
9388000256
9388000266
9388000269
9388000296
9388000297
9388000338
9388000343
9388000360
9388000373
9388000380
9388000391
9388000397
9388000489
9388000496
9388000547
9388000773
9388000785
9388000807
9388000825
9388000827
9388000914
9388000921
9388000993
9388001005
9388001017
9403800001
9403800002
9403800003
9403800004
9403800005
9403800007
9403800008
9403800016
9403800017
9403800021
9403800023
9403800025
9403800026
9403800029
9403800032
9403800035
9403800044
9403800045
9403800047
9403800057
9403800064
9403800073
9403800083
9403800101
9403800111
9403800114
9403800116
9403800117
9403800119
9403800120
9403800121
9403800123
9403800131
9403800140
9403800148
9403800149
9403800159
9403800165
9403800167
9403800168
9403800169
9403800184
9403800187
9403800215
9403800231
9403800245
9403800250
9403800256
9403800272
9403800295
9403800315
9403800319
9403800349
9403800352
9403800359
9403800371
9403800381
9403800390
9403800397
9403800404
9403800462
9403800473
9403800490
9403800520
9403800521
9403800551
9403800559
9403800560
9403800586
9403800619
9403800636
9403800637
9403800690
9403800694
9403800745
9403800746
9403800757
9403800763
9403800813
9403800814
9403800881
9403800911
9403800929
9403800958
9403800992
9403801002
9403801010
9403801061
9403801088
9403801173
9403801281
9403801579
