1RXSJ1858+4850 2  338.3         6.68 0.19 0.19                                                          reverb 107
H0507+164      2   76.57        6.69 0.36 0.36                                                          reverb 110
M60UCD1        2   16.50        7.30 0.15 0.15 1.82 0.03  8.29      -1.62                               star   109
MW             2    0.008       6.63 0.05 0.05 2.00 0.09                                                star   104,105
Mrk0006        2   80.6    8.1  8.09 0.15 0.15           11.11 0.09  0.66 0.08 0.06  6.0 0.6 10.99 0.01 reverb 102
Mrk0142        2  192.5         6.27 0.21 0.21                                                          reverb 103
Mrk0290        2  126.7         7.26 0.17 0.17                                                          reverb 24
Mrk0335        2  110.5         7.21 0.16 0.16                                                          reverb 103
Mrk1029        2  124.0         6.28 0.13 0.13 2.12 0.05                                                maser  34
Mrk1501        2  382.6         8.03 0.26 0.26                                                          reverb 106
NGC0224        2    0.774       8.15 0.16 0.16 2.20 0.02 10.69       0.22                               star   98
NGC0300        2    2.200       2.00 3.00 2.00 1.11 0.07  9.45       0.30                               star   61
NGC4244        2    4.370       0.00 5.66 0.00 1.45 0.15  9.50       0.37                               star   100
NGC4395        2    4.400       5.54 0.54 0.54 1.47 0.07  8.61       0.01                               gas    101
NGC6264        2  147.6         7.49 0.05 0.05 2.20 0.04 11.17       0.96                               maser  52
NGC7793        2    3.300       3.70 2.20 3.70 1.39 0.07  9.61       0.22                               star   61
PG0026+129     2  608.2         8.46 0.22 0.22                                                          reverb 71
PG0052+251     2  661.5         8.44 0.20 0.20                                                          reverb 71
PG0804+761     2  428.3         8.72 0.16 0.16                                                          reverb 71
PG0953+414     2 1003.          8.31 0.21 0.21                                                          reverb 71
PG1226+023     2  678.1         8.81 0.21 0.21                                                          reverb 71
PG1229+204     2  269.9         7.72 0.31 0.31 2.20 0.09                                                reverb 71
PG1307+085     2  663.8         8.49 0.24 0.24                                                          reverb 71
PG1411+442     2  383.7         8.50 0.26 0.26 2.32 0.06                                                reverb 71
PG1426+015     2  370.8         8.96 0.25 0.25 2.34 0.03                                                reverb 71
PG1613+658     2  552.5         8.27 0.33 0.33                                                          reverb 71
PG1617+175     2  481.6         8.63 0.22 0.22 2.30 0.08                                                reverb 71
PG1700+518     2 1251.          8.76 0.21 0.21                                                          reverb 71
PG2130+099     2  269.7         7.41 0.17 0.17 2.21 0.05                                                reverb 106
Zw229-015      2  119.4         6.88 0.21 0.21                                                          reverb 97
NGC3227        3   23.8    2.6  6.75 0.21 0.21 1.96 0.03 11.21 0.12  1.03 0.13 0.06  4.9 0.4  9.51 0.12 reverb 24
NGC4151        3   20.0    2.8  7.54 0.16 0.16 1.99 0.01 11.00 0.11  0.62 0.12 0.08  7.1 0.4 10.23 0.03 reverb 99
NGC4395        3    4.400       5.43 0.25 0.25 1.47 0.07  8.61       0.01                               reverb 108
